Camera matrix : 

[[1.42544024e+03 0.00000000e+00 6.51205287e+02]
 [0.00000000e+00 1.41472992e+03 3.72204506e+02]
 [0.00000000e+00 0.00000000e+00 1.00000000e+00]]
dist : 

[[ 7.15126950e-02 -2.18352083e-01 -6.50232794e-05 -1.24601784e-03
  -6.05677651e-01]]
rvecs : 

(array([[-0.68165469],
       [-0.82559416],
       [ 1.32661582]]), array([[-0.56762395],
       [-0.70991944],
       [ 1.40144944]]), array([[-0.41892125],
       [-0.67958772],
       [ 1.43671352]]), array([[-0.24931183],
       [-0.49397063],
       [ 1.52868146]]), array([[-0.06873741],
       [-0.28813558],
       [ 1.53196188]]), array([[ 0.14298889],
       [-0.02088726],
       [ 1.52164079]]), array([[0.35984035],
       [0.22557707],
       [1.46008142]]), array([[0.5909499 ],
       [0.49831064],
       [1.36582854]]), array([[1.04284251],
       [0.86183317],
       [1.35419628]]), array([[0.59773193],
       [0.35118515],
       [1.52384847]]), array([[ 0.07622378],
       [-0.01381424],
       [ 1.51726447]]), array([[-0.29052647],
       [-0.46642237],
       [ 1.48331018]]), array([[0.27429758],
       [0.13246097],
       [1.54878483]]), array([[-0.42997589],
       [-0.35390588],
       [ 1.5053362 ]]), array([[-0.19413416],
       [-0.11090762],
       [ 1.554617  ]]), array([[ 0.30327497],
       [-0.57167775],
       [ 1.52182079]]), array([[ 0.55001921],
       [-0.79359291],
       [ 1.47068971]]), array([[ 0.71611557],
       [-0.87698218],
       [ 1.36281789]]), array([[-0.29343347],
       [ 0.33705383],
       [ 1.57459096]]), array([[-0.72090409],
       [ 0.6125853 ],
       [ 1.59475336]]))
tvecs :
       [-2.42206067],
       [16.23042877]]), array([[ 0.93658683],
       [-2.77758669],
       [17.42020895]]), array([[-0.76865064],
       [-3.6471558 ],
       [22.84257294]]), array([[ 3.28935512],
       [-2.61400578],
       [24.16270478]]), array([[ 5.11828278],
       [-2.76392564],
       [27.18595269]]), array([[ 2.31090246],
       [-3.06367617],
       [24.01754289]]), array([[ 0.77367529],
       [-0.65074889],
       [31.1273467 ]]), array([[ 3.87287979],
       [-2.46529625],
       [18.84108373]]), array([[ 2.69037943],
       [-0.99453292],
       [24.34686201]]), array([[ 3.09921057],
       [-1.93992237],
       [18.67959812]]), array([[ 4.34143804],
       [-0.78141934],
       [13.73561791]]), array([[ 4.9608463 ],
       [-2.12232879],
       [20.939707  ]]), array([[ 4.29636845],
       [-2.38680297],
       [16.12816374]]))